63.0
31.0
16.0
31.0
31.0
16.0
31.0
16.0
16.0
16.0
matrixSize400
62.0
63.0
62.0
47.0
47.0
62.0
63.0
78.0
62.0
63.0
matrixSize600
125.0
141.0
125.0
125.0
141.0
125.0
109.0
109.0
125.0
125.0
matrixSize800
234.0
282.0
218.0
235.0
297.0
266.0
250.0
250.0
250.0
265.0
matrixSize1000
391.0
390.0
391.0
406.0
375.0
391.0
563.0
928.0
406.0
375.0
matrixSize1200
594.0
547.0
562.0
563.0
546.0
547.0
578.0
562.0
563.0
547.0
matrixSize1400
797.0
766.0
766.0
797.0
797.0
781.0
813.0
782.0
781.0
750.0
matrixSize1600
1031
968
1000
953
969
985
969
984
984
984
matrixSize1800
1312.0
1266.0
1312.0
1265.0
1281.0
1297.0
1281.0
1250.0
1281.0
1250.0
matrixSize2000
1594.0
1609.0
1578.0
1578.0
1640.0
1625.0
1719.0
1672.0
1843.0
1641.0
matrixSize2200
1954.0
1984.0
2032.0
1968.0
1953.0
1953.0
1906.0
1922.0
2000.0
1985.0
matrixSize2400
2359.0
2406.0
2422.0
2469.0
2406.0
2485.0
2438.0
2531.0
2375.0
2344.0
matrixSize2600
2922.0
2828.0
2887.0
2765.0
2718.0
2766.0
2797.0
2750.0
2797.0
2938.0
matrixSize2800
3312.0
3312.0
3219.0
3328.0
3281.0
3422.0
3500.0
3406.0
3343.0
3487.0
matrixSize3000
3891.0
4031.0
3781.0
3906.0
3797.0
3985.0
3718.0
3812.0
3782.0
3812.0
matrixSize3200
5484.0
5562.0
5687.0
5594.0
5709.0
5328.0
5250.0
5250.0
5234.0
5266.0
matrixSize3400
4921.0
5105.0
5271.0
5031.0
4813.0
4828.0
4828.0
4797.0
4859.0
4907.0
matrixSize3600
5782.0
5719.0
5929.0
5826.0
5438.0
5421.0
5406.0
5812.0
5766.0
5532.0
matrixSize3800
6078.0
6047.0
6062.0
6031.0
6218.0
6360.0
6266.0
6235.0
6625.0
6437.0
matrixSize4000
7458.0
7116.0
7047.0
7000.0
6843.0
6906.0
7000.0
7000.0
7000.0
7063.0
matrixSize4200
7641.0
7500.0
7407.0
7391.0
7438.0
7422.0
7406.0
7312.0
7312.0
7344.0