matrixSize200
31.0
16.0
15.0
16.0
16.0
15.0
16.0
15.0
0
0
matrixSize400
32.0
31.0
31.0
16.0
15.0
31.0
16.0
16.0
15.0
0
matrixSize600
31.0
31.0
31.0
15.0
16.0
16.0
31.0
32.0
31.0
31.0
matrixSize800
47.0
31.0
47.0
31.0
32.0
47.0
31.0
47.0
47.0
47.0
matrixSize1000
63.0
78.0
94.0
81.0
63.0
62.0
62.0
62.0
46.0
78.0
matrixSize1200
78.0
62.0
62.0
63.0
63.0
78.0
63.0
78.0
94.0
62.0
matrixSize1400
94.0
93.0
109.0
78.0
94.0
93.0
78.0
94.0
94.0
94.0
matrixSize1600
110.0
125.0
109.0
109.0
109.0
109.0
110.0
109.0
110.0
110.0
matrixSize1800
141.0
141.0
140.0
141.0
141.0
141.0
141.0
141.0
125.0
141.0
matrixSize2000
156.0
171.0
171.0
171.0
171.0
172.0
172.0
172.0
172.0
172.0
matrixSize2200
203.0
218.0
203.0
203.0
204.0
219.0
203.0
203.0
204.0
187.0
matrixSize2400
250.0
250.0
235.0
234.0
234.0
234.0
234.0
234.0
250.0
250.0
matrixSize2600
297.0
297.0
282.0
266.0
282.0
281.0
281.0
281.0
281.0
281.0
matrixSize2800
313.0
328.0
313.0
329.0
344.0
328.0
328.0
313.0
328.0
328.0
matrixSize3000
375.0
375.0
375.0
375.0
359.0
359.0
360.0
375.0
375.0
375.0
matrixSize3200
422.0
422.0
422.0
437.0
406.0
407.0
422.0
467.0
422.0
438.0
matrixSize3400
469.0
453.0
469.0
453.0
485.0
508.0
484.0
484.0
468.0
469.0
matrixSize3600
516.0
515.0
547.0
656.0
532.0
578.0
617.0
531.0
516.0
500.0
matrixSize3800
563.0
703.0
579.0
562.0
578.0
641.0
594.0
594.0
563.0
563.0
matrixSize4000
640.0
609.0
625.0
641.0
625.0
625.0
641.0
656.0
609.0
640.0