141
47
62
63
31
63
47
78
31
31
matrixSize400
78
110
78
94
109
78
93
110
62
63
matrixSize600
157.0
156.0
187.0
204.0
156.0
140.0
188.0
187.0
172.0
157.0
matrixSize800
375.0
266.0
484.0
344.0
281.0
484.0
359.0
266.0
265.0
297.0
matrixSize1000
438.0
375.0
391.0
437.0
390.0
407.0
453.0
422.0
406.0
547.0
matrixSize1200
657.0
610.0
656.0
625.0
610.0
594.0
578.0
609.0
610.0
578.0
matrixSize1400
813.0
781.0
797.0
765.0
812.0
750.0
843.0
812.0
766.0
797.0
matrixSize1600
1047.0
1125.0
1047.0
1078.0
1032.0
1047.0
1047.0
1078.0
1032.0
1078.0
matrixSize1800
1328.0
1360.0
1297.0
1391.0
1313.0
1375.0
1312.0
1359.0
1313.0
1375.0
matrixSize2000
1610.0
1687.0
1657.0
1719.0
1641.0
1688.0
1625.0
1672.0
1718.0
1671.0
matrixSize2200
2000.0
1953.0
1953.0
2000.0
1953.0
2016.0
1922.0
1984.0
1922.0
1969.0
matrixSize2400
2344.0
2359.0
2313.0
2375.0
2266.0
2344.0
2313.0
2391.0
2344.0
2375.0
matrixSize2600
2703.0
2844.0
2703.0
2812.0
2781.0
2812.0
2750.0
2782.0
2735.0
2828.0
matrixSize2800
3219.0
3172.0
3312.0
3203.0
3188.0
3266.0
3188.0
3281.0
3265.0
3390.0
matrixSize3000
3875.0
3812.0
3828.0
3813.0
3890.0
3828.0
3813.0
3812.0
3813.0
3797.0
matrixSize3200
4453.0
4453.0
4297.0
4500.0
4469.0
4453.0
4250.0
4282.0
4531.0
4484.0
matrixSize3400
4843.0
5078.0
4922.0
4781.0
4860.0
4921.0
4797.0
4781.0
4765.0
4828.0
matrixSize3600
5453.0
5421.0
5547.0
5547.0
5500.0
5359.0
5406.0
5656.0
5500.0
5500.0
matrixSize3800
5890.0
6219.0
5860.0
6328.0
5828.0
6282.0
5828.0
6609.0
5859.0
5875.0
matrixSize4000
6907.0
6860.0
6890.0
6891.0
6875.0
6890.0
6891.0
6890.0
6844.0
6906.0
matrixSize4200
7688.0
7532.0
7453.0
7484.0
7469.0
7500.0
8281.0
7453.0
7469.0
7453.0