62.0
31.0
31.0
16.0
31.0
16.0
16.0
16.0
16.0
31.0
matrixSize400
15.0
16.0
63.0
16.0
31.0
31.0
16.0
16.0
31.0
31.0
matrixSize600
47.0
62.0
63.0
46.0
47.0
46.0
47.0
47.0
47.0
47.0
matrixSize800
46
47
47
109
63
47
46
47
47
47
matrixSize1000
78.0
94.0
62.0
47.0
62.0
62.0
47.0
63.0
62.0
62.0
matrixSize1200
78.0
79.0
78.0
78.0
78.0
78.0
78.0
79.0
78.0
78.0
matrixSize1400
94
109
109
94
109
93
94
109
93
110
matrixSize1600
110.0
141.0
125.0
156.0
141.0
156.0
156.0
156.0
140.0
125.0
matrixSize1800
172.0
172.0
172.0
156.0
172.0
172.0
157.0
156.0
157.0
156.0
matrixSize2000
203.0
187.0
203.0
203.0
187.0
187.0
204.0
203.0
187.0
204.0
matrixSize2200
187.0
250.0
219.0
250.0
234.0
250.0
219.0
234.0
219.0
219.0
matrixSize2400
265.0
281.0
265.0
313.0
266.0
266.0
281.0
281.0
265.0
281.0
matrixSize2600
313.0
313.0
328.0
328.0
312.0
312.0
312.0
312.0
312.0
297.0
matrixSize2800
360.0
375.0
359.0
360.0
360.0
375.0
375.0
360.0
360.0
375.0
matrixSize3000
547.0
500.0
531.0
594.0
437.0
453.0
437.0
422.0
500.0
406.0
matrixSize3200
484.0
593.0
484.0
563.0
484.0
469.0
515.0
515.0
500.0
515.0
matrixSize3400
562.0
547.0
531.0
531.0
578.0
578.0
891.0
656.0
563.0
547.0
matrixSize3600
579.0
609.0
594.0
578.0
578.0
610.0
594.0
594.0
594.0
656.0
matrixSize3800
750.0
703.0
750.0
672.0
641.0
687.0
672.0
672.0
687.0
640.0
matrixSize4000
718.0
782.0
765.0
718.0
734.0
719.0
765.0
1312.0
735.0
703.0