matrixSize200
0
16.0
0
0
0
0
0
0
16.0
0
matrixSize400
0
0
0
15.0
16.0
0
15.0
0
0
16.0
matrixSize600
15
16
31
16
31
31
16
31
16
322.0
matrixSize800
189.0
62
47
46
47
47
62
47
47
47
matrixSize1000
62.0
63.0
62.0
62.0
63.0
62.0
47.0
63.0
78.0
62.0
matrixSize1200
78
94
125.0
93
78
93
94
78
93
94
matrixSize1400
125.0
110.0
125.0
125.0
125.0
110.0
125.0
125.0
125.0
125.0
matrixSize1600
156.0
156.0
156.0
156.0
156.0
156.0
156.0
157.0
156.0
156.0
matrixSize1800
203.0
204.0
203.0
203.0
203.0
203.0
204.0
211.0
214.0
211.0
matrixSize2000
234.0
250.0
266.0
242.0
250.0
234.0
234.0
235.0
250.0
250.0
matrixSize2200
351.0
341.0
359.0
364.0
344.0
313.0
344.0
344.0
351.0
359.0
matrixSize2400
391.0
579.0
672.0
391.0
390.0
391.0
359.0
375.0
360.0
359.0
matrixSize2600
422.0
422.0
421.0
422.0
422.0
437.0
422.0
422.0
422.0
422.0
matrixSize2800
500.0
484.0
484.0
500.0
485.0
485.0
516.0
516.0
484.0
484.0
matrixSize3000
562.0
547.0
547.0
578.0
562.0
579.0
578.0
578.0
563.0
547.0
matrixSize3200
641.0
656.0
640.0
672.0
672.0
703.0
672.0
656.0
687.0
672.0
matrixSize3400
719.0
735.0
719.0
719.0
704.0
719.0
718.0
719.0
719.0
719.0
matrixSize3600
812.0
828.0
812.0
812.0
812.0
828.0
812.0
797.0
813.0
797.0
matrixSize3800
891.0
891.0
906.0
906.0
890.0
906.0
906.0
891.0
891.0
891.0
matrixSize4000
984
1016.0
1031.0
1016.0
984
985
984
985
984
1016.0